124 222  14 118 189 203 230  46 155 153  37 167 196 244 131 235
 69 147  42 228 149 152 186 111 219 225 210  80 239 208 202 126
173  57 190 176 252 146 214  23 249 243   8 158   7 141 241 144
119  51 142  49 197 170 103  77  89 130 192 217  36 114  38  98
121  83 138 154 250 108 132 193  64 123  29  85  75 253  12  79
209  21 168 182 188 207 163  34  53 159  78 181 164  19 178 213
 62   3 135  45  90  52  58  66 206  86 185   0 242 179  60  26
 17  61 156 187  13  24 211   6 174  39  97 150  92 232 127  82
  9 240 162  44  68 137 180  47 191  48  81  93  28 115  70 231
 33  41  63  50 199 218  35  18 221 184 169  72 136 233 237 177
  4 220   1  59 251  10 194 101  55 107 145 200 224 109 247  96
122  43 112  87 255  65  32 172 227  67 215 139  73  15 175  25
161 195 183 236 110 105 125  30 117 204 198 129  54 140  95 134
 99 171 104 160 151 248 120   5 212 148 128 216 201 157  20  71
165 133 246   2 102  94 143 245 205  84 116  40 113  22 223 100
 11 234 229  76  91  16  88 106  74 238 254  56  31 166 226  27
